Overall metrics: 

map: 0.01654854966202386
map_std: 0.0009598834404225186
roc_auc: 0.4175640247991385
roc_auc_std: 0.018164751925604752
cm: [[4269.6 1551.6]
 [  90.8   28. ]]
cm_std: [[1939.38357217 1945.67464906]
 [  40.8871618    40.9975609 ]]
precision: 0.014620692561541854
precision_std: 0.0035054157221343927
recall: 0.23536533257370743
recall_std: 0.3444773934276059
accuracy: 0.7238530123913972
accuracy_std: 0.3201265892005315
known_true: 118.8
known_true_std: 0.4
known_neg: 5821.2
known_neg_std: 19.599999999999998
predicted_true: 1579.6
predicted_true_std: 1986.3023536209184
predicted_neg: 4360.4
predicted_neg_std: 1979.90026011413
specificity: 0.7338221487142073
specificity_std: 0.3336238048235794
npv: 0.9795866855347597
npv_std: 0.001769795503725121
fdr: 0.9853793074384581
fdr_std: 0.0035054157221344065
f1: 0.02367315931232313
f1_std: 0.008577746153036874
----------------------------------
Predicates

metrics for confers#SPACE#resistance#SPACE#to#SPACE#antibiotic: 
map: 0.01654854966202386
map_std: 0.0009598834404225186
roc_auc: 0.4175640247991385
roc_auc_std: 0.018164751925604752
cm: [[4269.6 1551.6]
 [  90.8   28. ]]
cm_std: [[1939.38357217 1945.67464906]
 [  40.8871618    40.9975609 ]]
precision: 0.014620692561541854
precision_std: 0.0035054157221343927
recall: 0.23536533257370743
recall_std: 0.3444773934276059
accuracy: 0.7238530123913972
accuracy_std: 0.3201265892005315
known_true: 118.8
known_true_std: 0.4
known_neg: 5821.2
known_neg_std: 19.599999999999998
predicted_true: 1579.6
predicted_true_std: 1986.3023536209184
predicted_neg: 4360.4
predicted_neg_std: 1979.90026011413
specificity: 0.7338221487142073
specificity_std: 0.3336238048235794
npv: 0.9795866855347597
npv_std: 0.001769795503725121
fdr: 0.9853793074384581
fdr_std: 0.0035054157221344065
f1: 0.02367315931232313
f1_std: 0.008577746153036874
----------------------------------
