Overall metrics: 

map: 0.022304699835481917
map_std: 0.0025495269691410364
roc_auc: 0.5176987910300896
roc_auc_std: 0.037720536114758334
cm: [[3704.6 2116.6]
 [  73.6   45.2]]
cm_std: [[208.45584664 212.73702076]
 [  3.26190129   3.31058907]]
precision: 0.02106911989439501
precision_std: 0.0021088843319417845
recall: 0.3804586241276172
recall_std: 0.027620435484024396
accuracy: 0.6313069363338556
accuracy_std: 0.03532233740613025
known_true: 118.8
known_true_std: 0.4
known_neg: 5821.2
known_neg_std: 19.599999999999998
predicted_true: 2161.8
predicted_true_std: 213.71888077565816
predicted_neg: 3778.2
predicted_neg_std: 209.3316985074167
specificity: 0.6364262896441869
specificity_std: 0.036195546215670976
npv: 0.9804733171042914
npv_std: 0.001213934731919356
fdr: 0.978930880105605
fdr_std: 0.0021088843319417684
f1: 0.03990795718751873
f1_std: 0.0038438358216159522
----------------------------------
Predicates

metrics for confers#SPACE#resistance#SPACE#to#SPACE#antibiotic: 
map: 0.022304699835481917
map_std: 0.0025495269691410364
roc_auc: 0.5176987910300896
roc_auc_std: 0.037720536114758334
cm: [[3704.6 2116.6]
 [  73.6   45.2]]
cm_std: [[208.45584664 212.73702076]
 [  3.26190129   3.31058907]]
precision: 0.02106911989439501
precision_std: 0.0021088843319417845
recall: 0.3804586241276172
recall_std: 0.027620435484024396
accuracy: 0.6313069363338556
accuracy_std: 0.03532233740613025
known_true: 118.8
known_true_std: 0.4
known_neg: 5821.2
known_neg_std: 19.599999999999998
predicted_true: 2161.8
predicted_true_std: 213.71888077565816
predicted_neg: 3778.2
predicted_neg_std: 209.3316985074167
specificity: 0.6364262896441869
specificity_std: 0.036195546215670976
npv: 0.9804733171042914
npv_std: 0.001213934731919356
fdr: 0.978930880105605
fdr_std: 0.0021088843319417684
f1: 0.03990795718751873
f1_std: 0.0038438358216159522
----------------------------------
